Label	slice	Saturated	J.D.-2400000	JD_UTC	JD_SOBS	HJD_UTC	BJD_TDB	AIRMASS	ALT_OBJ	CCD-TEMP	EXPTIME	RAOBJ2K	DECOBJ2K	FWHM_Mean	Source_Radius	Sky_Rad(min)	Sky_Rad(max)	rel_flux_T1	rel_flux_C2	rel_flux_C3	rel_flux_C4	rel_flux_C5	rel_flux_C6	rel_flux_C7	rel_flux_C8	rel_flux_C9	rel_flux_C10	rel_flux_C11	rel_flux_C12	rel_flux_C13	rel_flux_T14	rel_flux_T15	rel_flux_T16	rel_flux_T17	rel_flux_err_T1	rel_flux_err_C2	rel_flux_err_C3	rel_flux_err_C4	rel_flux_err_C5	rel_flux_err_C6	rel_flux_err_C7	rel_flux_err_C8	rel_flux_err_C9	rel_flux_err_C10	rel_flux_err_C11	rel_flux_err_C12	rel_flux_err_C13	rel_flux_err_T14	rel_flux_err_T15	rel_flux_err_T16	rel_flux_err_T17	rel_flux_SNR_T1	rel_flux_SNR_C2	rel_flux_SNR_C3	rel_flux_SNR_C4	rel_flux_SNR_C5	rel_flux_SNR_C6	rel_flux_SNR_C7	rel_flux_SNR_C8	rel_flux_SNR_C9	rel_flux_SNR_C10	rel_flux_SNR_C11	rel_flux_SNR_C12	rel_flux_SNR_C13	rel_flux_SNR_T14	rel_flux_SNR_T15	rel_flux_SNR_T16	rel_flux_SNR_T17	tot_C_cnts	tot_C_err	X(IJ)_T1	Y(IJ)_T1	X(FITS)_T1	Y(FITS)_T1	Source-Sky_T1	N_Src_Pixels_T1	Source_Error_T1	Source_SNR_T1	Peak_T1	Mean_T1	Sky/Pixel_T1	N_Sky_Pixels_T1	FWHM_T1	Width_T1	X-Width_T1	Y-Width_T1	Angle_T1	Roundness_T1	X(IJ)_C2	Y(IJ)_C2	X(FITS)_C2	Y(FITS)_C2	Source-Sky_C2	Source_Error_C2	Source_SNR_C2	Peak_C2	Mean_C2	Sky/Pixel_C2	FWHM_C2	Width_C2	X-Width_C2	Y-Width_C2	Angle_C2	Roundness_C2	X(IJ)_C3	Y(IJ)_C3	X(FITS)_C3	Y(FITS)_C3	Source-Sky_C3	Source_Error_C3	Source_SNR_C3	Peak_C3	Mean_C3	Sky/Pixel_C3	FWHM_C3	Width_C3	X-Width_C3	Y-Width_C3	Angle_C3	Roundness_C3	X(IJ)_C4	Y(IJ)_C4	X(FITS)_C4	Y(FITS)_C4	Source-Sky_C4	Source_Error_C4	Source_SNR_C4	Peak_C4	Mean_C4	Sky/Pixel_C4	FWHM_C4	Width_C4	X-Width_C4	Y-Width_C4	Angle_C4	Roundness_C4	X(IJ)_C5	Y(IJ)_C5	X(FITS)_C5	Y(FITS)_C5	Source-Sky_C5	Source_Error_C5	Source_SNR_C5	Peak_C5	Mean_C5	Sky/Pixel_C5	FWHM_C5	Width_C5	X-Width_C5	Y-Width_C5	Angle_C5	Roundness_C5	X(IJ)_C6	Y(IJ)_C6	X(FITS)_C6	Y(FITS)_C6	Source-Sky_C6	Source_Error_C6	Source_SNR_C6	Peak_C6	Mean_C6	Sky/Pixel_C6	FWHM_C6	Width_C6	X-Width_C6	Y-Width_C6	Angle_C6	Roundness_C6	X(IJ)_C7	Y(IJ)_C7	X(FITS)_C7	Y(FITS)_C7	Source-Sky_C7	Source_Error_C7	Source_SNR_C7	Peak_C7	Mean_C7	Sky/Pixel_C7	FWHM_C7	Width_C7	X-Width_C7	Y-Width_C7	Angle_C7	Roundness_C7	X(IJ)_C8	Y(IJ)_C8	X(FITS)_C8	Y(FITS)_C8	Source-Sky_C8	Source_Error_C8	Source_SNR_C8	Peak_C8	Mean_C8	Sky/Pixel_C8	FWHM_C8	Width_C8	X-Width_C8	Y-Width_C8	Angle_C8	Roundness_C8	X(IJ)_C9	Y(IJ)_C9	X(FITS)_C9	Y(FITS)_C9	Source-Sky_C9	Source_Error_C9	Source_SNR_C9	Peak_C9	Mean_C9	Sky/Pixel_C9	FWHM_C9	Width_C9	X-Width_C9	Y-Width_C9	Angle_C9	Roundness_C9	X(IJ)_C10	Y(IJ)_C10	X(FITS)_C10	Y(FITS)_C10	Source-Sky_C10	Source_Error_C10	Source_SNR_C10	Peak_C10	Mean_C10	Sky/Pixel_C10	FWHM_C10	Width_C10	X-Width_C10	Y-Width_C10	Angle_C10	Roundness_C10	X(IJ)_C11	Y(IJ)_C11	X(FITS)_C11	Y(FITS)_C11	Source-Sky_C11	Source_Error_C11	Source_SNR_C11	Peak_C11	Mean_C11	Sky/Pixel_C11	FWHM_C11	Width_C11	X-Width_C11	Y-Width_C11	Angle_C11	Roundness_C11	X(IJ)_C12	Y(IJ)_C12	X(FITS)_C12	Y(FITS)_C12	Source-Sky_C12	Source_Error_C12	Source_SNR_C12	Peak_C12	Mean_C12	Sky/Pixel_C12	FWHM_C12	Width_C12	X-Width_C12	Y-Width_C12	Angle_C12	Roundness_C12	X(IJ)_C13	Y(IJ)_C13	X(FITS)_C13	Y(FITS)_C13	Source-Sky_C13	Source_Error_C13	Source_SNR_C13	Peak_C13	Mean_C13	Sky/Pixel_C13	FWHM_C13	Width_C13	X-Width_C13	Y-Width_C13	Angle_C13	Roundness_C13	X(IJ)_T14	Y(IJ)_T14	X(FITS)_T14	Y(FITS)_T14	Source-Sky_T14	Source_Error_T14	Source_SNR_T14	Peak_T14	Mean_T14	Sky/Pixel_T14	FWHM_T14	Width_T14	X-Width_T14	Y-Width_T14	Angle_T14	Roundness_T14	X(IJ)_T15	Y(IJ)_T15	X(FITS)_T15	Y(FITS)_T15	Source-Sky_T15	Source_Error_T15	Source_SNR_T15	Peak_T15	Mean_T15	Sky/Pixel_T15	FWHM_T15	Width_T15	X-Width_T15	Y-Width_T15	Angle_T15	Roundness_T15	X(IJ)_T16	Y(IJ)_T16	X(FITS)_T16	Y(FITS)_T16	Source-Sky_T16	Source_Error_T16	Source_SNR_T16	Peak_T16	Mean_T16	Sky/Pixel_T16	FWHM_T16	Width_T16	X-Width_T16	Y-Width_T16	Angle_T16	Roundness_T16	X(IJ)_T17	Y(IJ)_T17	X(FITS)_T17	Y(FITS)_T17	Source-Sky_T17	Source_Error_T17	Source_SNR_T17	Peak_T17	Mean_T17	Sky/Pixel_T17	FWHM_T17	Width_T17	X-Width_T17	Y-Width_T17	Angle_T17	Roundness_T17	N_Src_Pixels_C2	N_Sky_Pixels_C2	N_Src_Pixels_C3	N_Sky_Pixels_C3	N_Src_Pixels_C4	N_Sky_Pixels_C4	N_Src_Pixels_C5	N_Sky_Pixels_C5	N_Src_Pixels_C6	N_Sky_Pixels_C6	N_Src_Pixels_C7	N_Sky_Pixels_C7	N_Src_Pixels_C8	N_Sky_Pixels_C8	N_Src_Pixels_C9	N_Sky_Pixels_C9	N_Src_Pixels_C10	N_Sky_Pixels_C10	N_Src_Pixels_C11	N_Sky_Pixels_C11	N_Src_Pixels_C12	N_Sky_Pixels_C12	N_Src_Pixels_C13	N_Sky_Pixels_C13	N_Src_Pixels_T14	N_Sky_Pixels_T14	N_Src_Pixels_T15	N_Sky_Pixels_T15	N_Src_Pixels_T16	N_Sky_Pixels_T16	N_Src_Pixels_T17	N_Sky_Pixels_T17	X(IJ)	Y(IJ)	X(FITS)	Y(FITS)	Source-Sky	N_Src_Pixels	Peak	Mean	Source_Error	Source_SNR	Sky/Pixel	N_Sky_Pixels	FWHM	X-Width	Y-Width	Width	Angle	Roundness
AVG_pipelineout_B-band.fits	1	0	61105.28933351813	2461105.289333518	NaN	NaN	0	NaN	NaN	NaN	20	NaN	NaN	3.281413944938534	6	11	22	0.0834098931533308	0.0889674453784215	0.0934886243543034	0.0791186160496246	0.1041002799151465	0.0758925169626107	0.105344336785849	0.0999767519771052	0.0792169310483361	0.1030414940237764	0.071742473215868	0.1186488638561645	0.0737059813969512	0.0196163440047974	0.0284268262718969	0.0193815028425172	0.0279535323090136	0.0004696647973366	0.0005067213599527	0.0005225854301103	0.0004768826295738	0.0005539950339584	0.0004680780805728	0.0005581445015517	0.0005422323670471	0.0004797912050276	0.0005516607794412	0.000453324602953	0.0005951682141636	0.000458027314931	0.0002562854951444	0.000291864550901	0.0002564160007006	0.000292125378661	177.59451767801016	175.57468938497348	178.8963468318912	165.9079428418943	187.90832685148564	162.13644712810827	188.74025721472043	184.37990436012444	165.10709287341143	186.78415769950334	158.25850339588283	199.35349541960386	160.92049315455608	76.54098408396655	97.39732414963915	75.5861677491458	95.69018767607699	461353.37779264816	721.1082387304768	841.6529926818228	405.76207090502953	842.1529926818228	862.7379290949705	38481.435947613034	113.09733552923255	208.16608182937344	184.8592989282228	3069.60009765625	340.25059712982045	38.49485149005852	1010	3.5749503212252605	4.15933892029799	3.9784901895644453	4.340187651031535	292.0033230167239	0.8857988182627474	456.6732552506279	525.3019965172249	457.1732552506279	743.1980034827751	37692.064728945326	205.68354222161517	183.2527013188724	3023.800048828125	333.27102316396275	36.59484131752499	3.7985741017048933	4.28910862208101	4.040356235991382	4.537861008170639	86.10686600080858	0.8893954234618983	1240.978282740286	758.2203129947408	1241.478282740286	510.27968700525923	39443.75064396723	210.84789864463488	187.07205951549992	4799.7998046875	348.7593271706397	39.49957625138558	2.893615795612774	3.7932979575614256	3.911114938234327	3.6754809768885246	353.2630518560416	0.9380970207996289	468.6480308945608	416.85366590916414	469.1480308945608	851.6463340908358	33825.420317922995	196.350715933827	172.27042008506172	2696.60009765625	299.0823803199152	37.24999992120064	3.686363582728567	4.214781490235138	3.9208723129064693	4.5086906675638065	272.52448192291746	0.8691462038748345	1001.423498200336	777.9979174945232	1001.923498200336	490.5020825054768	43498.78053803594	220.17614292442192	197.5635505294841	4806.7998046875	384.61366339433084	39.137662383901095	2.826370383446038	3.914170131294096	3.9199035968245126	3.908436665763679	26.43749349764236	0.9951578444853122	924.0749518289396	103.10792407210663	924.5749518289396	1165.3920759278933	32543.463680492423	193.67019103611915	168.0354808676939	2607.39990234375	287.7473950045519	39.40513325396554	3.5043953225477424	4.165104064687232	4.07664120196258	4.2535669274118835	305.5794509926827	0.8761307993697094	1085.2291298526754	702.9627460263038	1085.7291298526754	565.5372539736962	43969.07279481883	221.45958669350577	198.54219657544502	4786.2001953125	388.7719599145997	40.10154803052652	3.04056695640896	3.930793979051	3.9697736088894793	3.891814349212521	336.07094893009577	0.9708683720852179	1574.0732427892995	612.7674239736514	1574.5732427892995	655.7325760263486	41932.351881501716	216.78026686589033	193.43251342818434	5292.2001953125	370.7633931894298	40.21738283149898	2.802248101324848	3.7471909502574507	3.9139699432068182	3.5804119573080833	355.5140942211503	0.9137634160103161	1512.4638508706955	49.55016975965225	1512.9638508706955	1218.9498302403476	33864.36745577733	197.61112263998683	171.36873169569674	3558.60009765625	299.4267486259596	41.18822373679389	3.120454194666162	3.9892426267340464	4.087945385311127	3.8905398681569654	328.6268351520415	0.8972527542089429	1645.3373006708657	650.6354561378967	1645.8373006708657	617.8645438621033	43097.690864968936	219.61271880629556	196.24405680702984	6324	381.0672520559015	40.43435844712647	2.6686442275570004	3.7520705744744873	3.8883057513290766	3.615835397619898	2.7560798940446	0.9296107688054868	1024.6064133194745	887.4900569401874	1025.1064133194745	381.0099430598126	30883.008909802364	188.64641021636697	163.70843672233818	3781.39990234375	273.0657514192273	37.42964390818033	2.9338980656414573	3.908165684887594	3.9754591888425166	3.8408721809326716	16.929871675443778	0.9593664811925585	930.9386525295622	748.9814028728214	931.4386525295622	519.5185971271786	48933.18706158351	231.70194070566322	211.19023393828436	4647	432.66436678285515	37.71078146718494	3.042760635125945	3.986826218750883	3.949251685423126	4.02440075207864	68.4106011401181	0.9744792670765369	551.5042349332018	1167.4893722010033	552.0042349332018	101.01062779899667	31670.21891483159	190.01069311169343	166.67598226282442	3044.60009765625	280.0262160609938	34.992299654481315	3.374838021908187	3.9969483677115667	4.087994236207166	3.905902499215968	1.2532240054042532	0.9554152013517203	755.3241418745304	515.6386635643727	755.8241418745304	752.8613364356273	9050.06656655583	117.38897548330002	77.09468908213881	734.5999755859375	80.02015718766988	37.49410586781078	3.790666155150831	4.237377050341889	4.09535222947146	4.37940187121232	290.1606993080586	0.9157146485816358	675.5611250677987	426.71758102343904	676.0611250677987	841.782418976561	13114.812320464447	133.08323368135942	98.54593969263763	957.4000244140625	115.96040047357816	36.26576202249228	3.896442589895651	4.506252512849455	4.02280410261466	4.989700923084252	286.40870285062186	0.7726063015646281	933.8921234903672	469.2101079694734	934.3921234903672	799.2898920305265	8941.72180309311	117.4698920011215	76.11926469641892	759.2000122070312	79.06217915082465	38.36856258790767	3.3541919826811464	4.058616581572384	3.994023702294595	4.123209460850172	304.7288014503165	0.9130758129438183	914.3152551738588	516.6880305529927	914.8152551738588	751.8119694470073	12896.456551999354	133.25705967686017	96.77878667946325	1175	114.029711590031	38.388186548657984	3.4750566263296214	4.061488305263872	4.08297374083074	4.040002869697003	319.30352890653836	0.9316373969554395	113.09733552923255	1008	113.09733552923255	944	113.09733552923257	944	113.09733552923255	924	113.09733552923255	1013	113.09733552923255	969	113.09733552923255	1024	113.09733552923255	1019	113.09733552923257	943	113.09733552923257	1039	113.09733552923255	1011	113.09733552923255	961	113.09733552923255	1001	113.09733552923255	958	113.09733552923257	967	113.09733552923255	965	0	0	0	0	0	0	0	0	0	0	0	0	0	0	0	0	0	0
AVG_pipelineout_I_Band.fits	2	62773.578125	61105.2899142243	2461105.2899142243	NaN	NaN	0	NaN	NaN	NaN	20	NaN	NaN	3.4266743197682534	6	11	22	0.0178632985743402	0.0164191242935315	0.0180797223404311	0.5897685769634201	0.0203319480825085	0.0270081284935387	0.0207991772378031	0.0215787811381886	0.024685643090211	0.7410395248977981	0.0210339302280394	0.0247246266512273	0.0131062200248469	0.0048644394449624	0.0079352432086025	0.0042518285680257	0.006121694033926	0.0001015970734136	0.0000983814056184	0.0001032904219528	0.0008981850998623	0.0001094270130481	0.0001261194548458	0.0001109195257809	0.000112840913637	0.000120631046964	0.0011034752748785	0.000111161853864	0.0001205015189539	0.0000881230663548	0.0000565250454087	0.0000696821069685	0.000053673176249	0.0000622747902059	175.8249324921313	166.89255647771134	175.03774308028244	656.6225347691071	185.803738182756	214.14720295575427	187.5159228402723	191.23188959281848	204.63755982799415	671.5506380325775	189.21895863453582	205.1810372671337	148.7263274757498	86.05812538118474	113.8777737043757	79.21701052863932	98.30131926076199	1866268.5665576714	1375.8862717035158	841.6541164184688	405.6672089822391	842.1541164184688	862.8327910177609	33337.712624325635	113.09733552923257	188.00772295501488	177.32097437456034	2816.1015625	294.77009752991705	15.802295928220868	956	3.50926955080046	4.255403924616016	3.965007058029849	4.545800791202183	286.7893761449397	0.8482917925438387	456.67387016847255	525.2235935726079	457.17387016847255	743.2764064273921	30147.500009624087	179.24616246796364	168.190490633306	2315.890380859375	266.5624249108131	15.584829467111053	3.5904842030699684	4.343157325878603	3.9841878666276562	4.70212678512955	86.82329417157683	0.846432936680314	1241.115789193883	758.1929134197502	1241.615789193883	510.3070865802498	33142.41189134929	187.7338937183686	176.53930909816586	3326.8310546875	293.0432599164362	16.57962744784695	3.0815776725814894	4.001878090011262	3.9805469256698855	4.023209254352638	59.66021173624449	0.9784625871942864	468.424260266768	416.7384003655675	468.924260266768	851.7615996344325	692343.8874560203	833.7072565651206	830.440039958968	51286.75390625	6121.664000449139	21.069289565086365	3.8603990557532883	4.399896661664325	4.0396058235770145	4.760187499751635	272.16238974049514	0.848218386623205	1001.4884178689837	778.007130593484	1001.9884178689837	490.492869406516	37188.75575206412	198.22712419553054	187.60679651176932	3538.693359375	328.82079474323115	16.615437435088246	2.984108800432351	4.0165951304624326	3.937745623761816	4.095444637163048	71.85832097549931	0.9524423511828193	924.0567166074127	102.96902622410366	924.5567166074127	1165.5309737758964	49078.89222160031	226.23283106149321	216.9397429688708	3693.853515625	433.95268325233684	16.650344125897277	3.5191371464223047	4.303229259369091	4.116915719039473	4.489542799698708	298.61108877550834	0.8512708280164876	1085.2770092193869	702.9612505048046	1085.7770092193869	565.5387494951954	38025.94237410037	200.80186024442474	189.3704686192326	3528.7158203125	336.2231496980909	17.937915751976625	3.2370022168916006	4.075186926220411	3.988387867180909	4.161985985259912	283.161877729298	0.9535709030864258	1574.2955748051481	612.7769338209966	1574.7955748051481	655.7230661790034	39421.14077385228	204.04137854176668	193.20169788885684	4011.185791015625	348.55941202666975	17.4909080570027	3.0371545634229147	3.9868020852339376	3.9949303655469253	3.97867380492095	26.80427905214976	0.9931507329659026	1512.664336619292	49.3553693988701	1513.164336619292	1219.1446306011298	44960.16905788398	217.13131650844508	207.06441512380965	3767.783203125	397.5351748783065	17.083831181382973	3.727021913567609	4.290982274538104	4.283222876403257	4.298741672672951	313.6268568572175	0.9271631045247538	1645.5211211074807	650.6332672361189	1646.0211211074807	617.8667327638811	794340.8246144066	893.0373351500564	889.4822123880566	62773.578125	7023.5149298375045	24.421515971690685	3.7310856922923175	4.341002493147521	4.317145917161578	4.3648590691334626	56.89328169460935	0.9731109280464068	1024.6821729306391	887.5150654361736	1025.1821729306391	380.9849345638264	38446.286311944525	201.15701711598032	191.12575272369295	4112.83935546875	339.9398061151248	15.930661865488432	3.0402738154037405	3.9960909944805314	3.9777386474419507	4.0144433415191125	52.17322479442454	0.9635939239038218	931.0036450842964	749.0052722088968	931.5036450842964	519.4947277911032	45029.4570257895	216.87580331359374	207.62785123003653	3759.295654296875	398.1478150221375	15.705213245483266	3.1519877220226102	4.104988783931586	3.9764312721319244	4.233546295731247	82.98777345584257	0.9374559415401665	551.5205847586549	1167.5529651597033	552.0205847586549	100.94703484029674	24143.299069036006	161.34290617320465	149.63966896144612	2260.433837890625	213.47363274350195	14.813984144204708	3.5029750623595706	4.081191980420872	4.098528617268753	4.063855343572992	35.84126933076375	0.973323525604738	755.280201771581	515.5852327647525	755.780201771581	752.9147672352475	9078.350430056624	105.27838396063677	86.23185585229906	771.93994140625	80.27024144799698	15.734885181117262	3.586656008439301	4.272618586386887	3.942228938954469	4.603008233819305	280.175139214335	0.8475011291948973	675.5621418977604	426.5496968203244	676.0621418977604	841.9503031796755	14809.294968205118	129.58640457101984	114.28123974293062	1161.3564453125	130.9429165497654	15.6776243747468	3.7418550656682528	4.508464826991183	3.9694028712329192	5.047526782749448	281.46082667629383	0.769667724416972	933.9062611428624	469.15570342997523	934.4062611428624	799.3442965700248	7935.054006898203	99.99758933251653	79.35245299276366	675.3303833007812	70.16128160549997	16.18356144556989	3.418475850265139	4.074376149679774	3.97720312116648	4.171549178193069	295.7408412842869	0.9261678764873613	914.3277239517093	516.5939762957624	914.8277239517093	751.9060237042376	11424.725149599639	115.91587646768637	98.56048625732892	1008.2842407226562	101.01674894583755	15.783111187324279	3.533999096667392	4.282563132339818	4.112486995632289	4.452639269047347	284.48258473444025	0.9131186889756234	113.09733552923257	956	113.09733552923255	982	113.09733552923255	816	113.09733552923255	986	113.09733552923255	1020	113.09733552923255	896	113.09733552923255	1003	113.09733552923257	899	113.09733552923257	777	113.09733552923255	991	113.09733552923257	918	113.09733552923255	937	113.09733552923255	936	113.09733552923257	1004	113.09733552923257	926	113.09733552923257	934	0	0	0	0	0	0	0	0	0	0	0	0	0	0	0	0	0	0
AVG_pipelineout_I_Band.fits	2	0	0	0	0	0	0	0	0	0	0	0	0	0	0	0	0	0	0	0	0	0	0	0	0	0	0	0	0	0	0	0	0	0	0	0	0	0	0	0	0	0	0	0	0	0	0	0	0	0	0	0	0	0	0	0	0	0	0	0	0	0	0	0	0	0	0	0	0	0	0	0	0	0	0	0	0	0	0	0	0	0	0	0	0	0	0	0	0	0	0	0	0	0	0	0	0	0	0	0	0	0	0	0	0	0	0	0	0	0	0	0	0	0	0	0	0	0	0	0	0	0	0	0	0	0	0	0	0	0	0	0	0	0	0	0	0	0	0	0	0	0	0	0	0	0	0	0	0	0	0	0	0	0	0	0	0	0	0	0	0	0	0	0	0	0	0	0	0	0	0	0	0	0	0	0	0	0	0	0	0	0	0	0	0	0	0	0	0	0	0	0	0	0	0	0	0	0	0	0	0	0	0	0	0	0	0	0	0	0	0	0	0	0	0	0	0	0	0	0	0	0	0	0	0	0	0	0	0	0	0	0	0	0	0	0	0	0	0	0	0	0	0	0	0	0	0	0	0	0	0	0	0	0	0	0	0	0	0	0	0	0	0	0	0	0	0	0	0	0	0	0	0	0	0	0	0	0	0	0	0	0	0	0	0	0	0	0	0	0	0	0	0	0	0	0	0	0	0	0	0	0	0	0	0	0	0	0	0	0	0	0	0	0	0	0	0	0	0	0	0	0	0	0	0	0	0	0	0	0	0	0	0	0	0	0	0	0	0	0	0	0	0	0	0	0	0	0	0	0	0	0	0	0	0	0	0	0	0	0	0	0	0	0	0	0	0	0	0	0	0	0	0	0	0	0	637.8832927691811	0	0	0	0	0	0	0	0	0	0	0	0	0	0	0	0	0
AVG_pipelineout_I_Band.fits	2	0	0	0	0	0	0	0	0	0	0	0	0	0	0	0	0	0	0	0	0	0	0	0	0	0	0	0	0	0	0	0	0	0	0	0	0	0	0	0	0	0	0	0	0	0	0	0	0	0	0	0	0	0	0	0	0	0	0	0	0	0	0	0	0	0	0	0	0	0	0	0	0	0	0	0	0	0	0	0	0	0	0	0	0	0	0	0	0	0	0	0	0	0	0	0	0	0	0	0	0	0	0	0	0	0	0	0	0	0	0	0	0	0	0	0	0	0	0	0	0	0	0	0	0	0	0	0	0	0	0	0	0	0	0	0	0	0	0	0	0	0	0	0	0	0	0	0	0	0	0	0	0	0	0	0	0	0	0	0	0	0	0	0	0	0	0	0	0	0	0	0	0	0	0	0	0	0	0	0	0	0	0	0	0	0	0	0	0	0	0	0	0	0	0	0	0	0	0	0	0	0	0	0	0	0	0	0	0	0	0	0	0	0	0	0	0	0	0	0	0	0	0	0	0	0	0	0	0	0	0	0	0	0	0	0	0	0	0	0	0	0	0	0	0	0	0	0	0	0	0	0	0	0	0	0	0	0	0	0	0	0	0	0	0	0	0	0	0	0	0	0	0	0	0	0	0	0	0	0	0	0	0	0	0	0	0	0	0	0	0	0	0	0	0	0	0	0	0	0	0	0	0	0	0	0	0	0	0	0	0	0	0	0	0	0	0	0	0	0	0	0	0	0	0	0	0	0	0	0	0	0	0	0	0	0	0	0	0	0	0	0	0	0	0	0	0	0	0	0	0	0	0	0	0	0	0	0	0	0	0	0	0	0	0	0	0	0	0	0	0	0	0	0	0	0	637.8832927691811	0	0	0	0	0	0	0	0	0	0	0	0	0	0	0	0	0
AVG_pipelineout_I_Band.fits	2	0	0	0	0	0	0	0	0	0	0	0	0	0	0	0	0	0	0	0	0	0	0	0	0	0	0	0	0	0	0	0	0	0	0	0	0	0	0	0	0	0	0	0	0	0	0	0	0	0	0	0	0	0	0	0	0	0	0	0	0	0	0	0	0	0	0	0	0	0	0	0	0	0	0	0	0	0	0	0	0	0	0	0	0	0	0	0	0	0	0	0	0	0	0	0	0	0	0	0	0	0	0	0	0	0	0	0	0	0	0	0	0	0	0	0	0	0	0	0	0	0	0	0	0	0	0	0	0	0	0	0	0	0	0	0	0	0	0	0	0	0	0	0	0	0	0	0	0	0	0	0	0	0	0	0	0	0	0	0	0	0	0	0	0	0	0	0	0	0	0	0	0	0	0	0	0	0	0	0	0	0	0	0	0	0	0	0	0	0	0	0	0	0	0	0	0	0	0	0	0	0	0	0	0	0	0	0	0	0	0	0	0	0	0	0	0	0	0	0	0	0	0	0	0	0	0	0	0	0	0	0	0	0	0	0	0	0	0	0	0	0	0	0	0	0	0	0	0	0	0	0	0	0	0	0	0	0	0	0	0	0	0	0	0	0	0	0	0	0	0	0	0	0	0	0	0	0	0	0	0	0	0	0	0	0	0	0	0	0	0	0	0	0	0	0	0	0	0	0	0	0	0	0	0	0	0	0	0	0	0	0	0	0	0	0	0	0	0	0	0	0	0	0	0	0	0	0	0	0	0	0	0	0	0	0	0	0	0	0	0	0	0	0	0	0	0	0	0	0	0	0	0	0	0	0	0	0	0	0	0	0	0	0	0	0	0	0	0	0	0	0	0	0	0	0	353.74231414440646	0	0	0	0	0	0	0	0	0	0	0	0	0	0	0	0	0
AVG_pipelineout_B-band.fits	1	0	61105.28933351813	2461105.289333518	NaN	NaN	0	NaN	NaN	NaN	20	NaN	NaN	0	25	40	60	0	0	0	0	0	0	0	0	0	0	0	0	0	0	0	0	0	0	0	0	0	0	0	0	0	0	0	0	0	0	0	0	0	0	0	0	0	0	0	0	0	0	0	0	0	0	0	0	0	0	0	0	0	0	0	0	0	0	0	0	0	0	0	0	0	0	0	0	0	0	0	0	0	0	0	0	0	0	0	0	0	0	0	0	0	0	0	0	0	0	0	0	0	0	0	0	0	0	0	0	0	0	0	0	0	0	0	0	0	0	0	0	0	0	0	0	0	0	0	0	0	0	0	0	0	0	0	0	0	0	0	0	0	0	0	0	0	0	0	0	0	0	0	0	0	0	0	0	0	0	0	0	0	0	0	0	0	0	0	0	0	0	0	0	0	0	0	0	0	0	0	0	0	0	0	0	0	0	0	0	0	0	0	0	0	0	0	0	0	0	0	0	0	0	0	0	0	0	0	0	0	0	0	0	0	0	0	0	0	0	0	0	0	0	0	0	0	0	0	0	0	0	0	0	0	0	0	0	0	0	0	0	0	0	0	0	0	0	0	0	0	0	0	0	0	0	0	0	0	0	0	0	0	0	0	0	0	0	0	0	0	0	0	0	0	0	0	0	0	0	0	0	0	0	0	0	0	0	0	0	0	0	0	0	0	0	0	0	0	0	0	0	0	0	0	0	0	0	0	0	0	0	0	0	0	0	0	0	0	0	0	0	0	0	0	0	0	0	0	0	0	0	0	0	0	0	0	0	0	0	0	0	0	0	0	0	0	0	0	0	0	0	0	0	0	0	0	0	0	0	0	0	0	0	0	0	0	0	0	680.9687042457696	535.0456464113379	681.4687042457696	733.4543535886621	5771.262612363091	1963.4954084936207	495.6000061035156	2.939279912444899	323.158152697739	17.858941710689727	36.87871131848093	5463	3.6539230605577417	6.71300122757972	1.8369625803857528	4.274981903982736	323.93514438831255	NaN
AVG_pipelineout_B-band.fits	1	0	61105.28933351813	2461105.289333518	NaN	NaN	0	NaN	NaN	NaN	20	NaN	NaN	0	25	40	60	0	0	0	0	0	0	0	0	0	0	0	0	0	0	0	0	0	0	0	0	0	0	0	0	0	0	0	0	0	0	0	0	0	0	0	0	0	0	0	0	0	0	0	0	0	0	0	0	0	0	0	0	0	0	0	0	0	0	0	0	0	0	0	0	0	0	0	0	0	0	0	0	0	0	0	0	0	0	0	0	0	0	0	0	0	0	0	0	0	0	0	0	0	0	0	0	0	0	0	0	0	0	0	0	0	0	0	0	0	0	0	0	0	0	0	0	0	0	0	0	0	0	0	0	0	0	0	0	0	0	0	0	0	0	0	0	0	0	0	0	0	0	0	0	0	0	0	0	0	0	0	0	0	0	0	0	0	0	0	0	0	0	0	0	0	0	0	0	0	0	0	0	0	0	0	0	0	0	0	0	0	0	0	0	0	0	0	0	0	0	0	0	0	0	0	0	0	0	0	0	0	0	0	0	0	0	0	0	0	0	0	0	0	0	0	0	0	0	0	0	0	0	0	0	0	0	0	0	0	0	0	0	0	0	0	0	0	0	0	0	0	0	0	0	0	0	0	0	0	0	0	0	0	0	0	0	0	0	0	0	0	0	0	0	0	0	0	0	0	0	0	0	0	0	0	0	0	0	0	0	0	0	0	0	0	0	0	0	0	0	0	0	0	0	0	0	0	0	0	0	0	0	0	0	0	0	0	0	0	0	0	0	0	0	0	0	0	0	0	0	0	0	0	0	0	0	0	0	0	0	0	0	0	0	0	0	0	0	0	0	0	0	0	0	0	0	0	0	0	0	0	0	0	0	0	0	0	0	0	680.9687042457696	535.0456464113379	681.4687042457696	733.4543535886621	5771.262612363091	1963.4954084936207	495.6000061035156	2.939279912444899	323.158152697739	17.858941710689727	36.87871131848093	5463	3.6539230605577417	6.71300122757972	1.8369625803857528	4.274981903982736	323.93514438831255	NaN
AVG_pipelineout_B-band.fits	1	0	61105.28933351813	2461105.289333518	NaN	NaN	0	NaN	NaN	NaN	20	NaN	NaN	0	25	40	60	0	0	0	0	0	0	0	0	0	0	0	0	0	0	0	0	0	0	0	0	0	0	0	0	0	0	0	0	0	0	0	0	0	0	0	0	0	0	0	0	0	0	0	0	0	0	0	0	0	0	0	0	0	0	0	0	0	0	0	0	0	0	0	0	0	0	0	0	0	0	0	0	0	0	0	0	0	0	0	0	0	0	0	0	0	0	0	0	0	0	0	0	0	0	0	0	0	0	0	0	0	0	0	0	0	0	0	0	0	0	0	0	0	0	0	0	0	0	0	0	0	0	0	0	0	0	0	0	0	0	0	0	0	0	0	0	0	0	0	0	0	0	0	0	0	0	0	0	0	0	0	0	0	0	0	0	0	0	0	0	0	0	0	0	0	0	0	0	0	0	0	0	0	0	0	0	0	0	0	0	0	0	0	0	0	0	0	0	0	0	0	0	0	0	0	0	0	0	0	0	0	0	0	0	0	0	0	0	0	0	0	0	0	0	0	0	0	0	0	0	0	0	0	0	0	0	0	0	0	0	0	0	0	0	0	0	0	0	0	0	0	0	0	0	0	0	0	0	0	0	0	0	0	0	0	0	0	0	0	0	0	0	0	0	0	0	0	0	0	0	0	0	0	0	0	0	0	0	0	0	0	0	0	0	0	0	0	0	0	0	0	0	0	0	0	0	0	0	0	0	0	0	0	0	0	0	0	0	0	0	0	0	0	0	0	0	0	0	0	0	0	0	0	0	0	0	0	0	0	0	0	0	0	0	0	0	0	0	0	0	0	0	0	0	0	0	0	0	0	0	0	0	0	0	0	0	0	0	0	680.9687042457696	535.0456464113379	681.4687042457696	733.4543535886621	5771.262612363091	1963.4954084936207	495.6000061035156	2.939279912444899	323.158152697739	17.858941710689727	36.87871131848093	5463	3.6539230605577417	6.71300122757972	1.8369625803857528	4.274981903982736	323.93514438831255	NaN
AVG_pipelineout_B-band.fits	1	0	61105.28933351813	2461105.289333518	NaN	NaN	0	NaN	NaN	NaN	20	NaN	NaN	3.2717798470833377	8	16	31	0.021860158130259	0.0869543425997146	0.1758232920168784	2.6135413417924043	0.0152683607933217	0.0092619674690943	0.0085899478322912	0.0146866831063881	0	0	0	0	0	0	0	0	0	0.0013643903123049	0.0018076203810953	0.0023974150111578	0.0361505960413559	0.001316481267696	0.0013401037236431	0.0013029307655765	0.0013536799559503	0	0	0	0	0	0	0	0	0	16.021924176029756	48.10431632056875	73.33869655382279	72.29594053726078	11.597856473903892	6.911381041398404	6.592789163659409	10.849450080006338	0	0	0	0	0	0	0	0	0	73522.38920459666	362.54762766030643	982.4396442056485	467.97260941578133	982.9396442056485	800.5273905842187	1607.2110541269285	201.06192982974676	99.99967040843973	16.07216351376378	160.60000610351562	7.993611995507388	37.87805846140135	2019	3.1740085308094264	5.200454222229263	4.945966767210034	5.454941677248493	304.82140097534153	0.7494542307600649	681.0381928852681	535.1076410510398	681.5381928852681	733.3923589489602	5881.655529665977	118.58391615998676	49.59910011515203	495.6000061035156	29.252954722191255	36.616423528043725	3.6487996443881965	4.3261563603733935	4.212207673364698	4.440105047382089	76.24823977880926	0.9423110524046161	545.2409463557428	671.4990141322888	545.7409463557428	597.0009858677112	10993.955124604581	137.82557211781844	79.76716479875402	881.4000244140625	54.679446944102914	35.991375761600004	3.7729761263076256	4.177234907244401	4.183311006379947	4.171158808108854	44.12224100882301	0.9091464294636976	689.0039730180666	881.2896610370909	689.5039730180666	387.2103389629091	53176.035793809955	247.3787345596042	214.95799098688315	4429.2001953125	264.4759047067629	35.92944327054238	3.1648553018700714	4.899731794315317	4.6986713657580745	5.100792222872558	303.94103684124156	0.8016024413609604	474.61297004848126	887.711034552858	475.11297004848126	380.788965447142	1105.684376774666	95.18548950764064	11.616102228332938	146.39999389648438	5.499222939474054	35.795097047145326	3.3966385945935422	4.143840913881165	2.774291288391734	5.513390539370596	274.93583191027534	0.4961940531672706	1348.9418847606787	465.1570542887648	1349.4418847606787	803.3429457112352	674.7128089753505	97.5698602920576	6.915176540744454	119.4000015258789	3.3557462098701487	39.6665604919385	3.3000451284913894	3.5737354252431848	5.224961300069063	1.9225095504173064	324.5482169006512	NaN	1296.771238151736	888.9850240542233	1297.271238151736	379.51497594577665	626.1746799383218	94.931152333363	6.596092689778256	137.60000610351562	3.1143373609740435	37.70531201571641	2.914064172123878	4.686788924810041	3.033550797159966	6.340027052460116	15.154844777472498	0.2769261272686386	1381.3289572181054	776.1770897518178	1381.8289572181054	492.3229102481822	1064.1708908278124	97.95117035952846	10.86429990496068	154.8000030517578	5.292751799054751	38.420668689917164	2.8028512780825694	4.511370055242749	4.868226632825019	4.15451347766048	37.878608927891804	0.4692968320781771	0	0	0	0	0	0	0	0	0	0	0	0	0	0	0	0	0	0	0	0	0	0	0	0	0	0	0	0	0	0	0	0	0	0	0	0	0	0	0	0	0	0	0	0	0	0	0	0	0	0	0	0	0	0	0	0	0	0	0	0	0	0	0	0	0	0	0	0	0	0	0	0	0	0	0	0	0	0	0	0	0	0	0	0	0	0	0	0	0	0	0	0	0	0	0	0	0	0	0	0	0	0	0	0	0	0	0	0	0	0	0	0	0	0	0	0	0	0	0	0	0	0	0	0	0	0	0	0	0	0	0	0	0	0	0	0	0	0	0	0	0	0	0	0	201.06192982974676	1851	201.06192982974676	1948	201.0619298297468	1868	201.06192982974676	1958	201.06192982974676	1884	201.06192982974676	1939	201.0619298297468	1974	0	0	0	0	0	0	0	0	0	0	0	0	0	0	0	0	0	0	0	0	0	0	0	0	0	0	0	0	0	0	0	0	0	0	0	0
AVG_pipelineout_I_Band.fits	2	0	61105.2899142243	2461105.2899142243	NaN	NaN	0	NaN	NaN	NaN	20	NaN	NaN	2.999652470499419	8	16	31	0.0272269978758593	0.0913160160873502	0.1752021325216696	2.4120336661278072	0.0206077184218171	0.0117010213448643	0.0102415730854476	0.0187735550011695	0	0	0	0	0	0	0	0	0	0.0011173762115373	0.0016371563408048	0.0022430873920774	0.0277993954258664	0.001068031931467	0.0010360238426776	0.0009969159490588	0.0010750651309605	0	0	0	0	0	0	0	0	0	24.366903102761373	55.77721187120277	78.10758204985082	86.76568785677583	19.295039609453045	11.294162221810915	10.273256331305655	17.462714081701304	0	0	0	0	0	0	0	0	0	64452.17533981559	296.2927599409695	983.0608261201153	467.1554083303439	983.5608261201153	801.3445916696561	1754.8392410716697	201.06192982974676	71.5640716622156	24.521232516709777	165.8000030517578	8.727854360880825	15.061942271235107	1905	3.034554043541422	6.088768366418825	5.751431518813392	6.426105214024258	298.92649923999073	0.8100405235716764	681.6007703764298	534.4122670396754	682.1007703764298	734.0877329603246	5393.04453836975	93.21578392348859	57.85548660725049	510.3999938964844	26.822803018634204	14.77135497697047	3.3229702627499638	4.356444300158106	4.208949900339694	4.503938699976518	302.88796066780304	0.8467415177695791	545.7827588148865	670.8658782557176	546.2827588148865	597.6341217442824	9608.694753613408	113.28173784148277	84.82121599387037	895.5999755859375	47.789727084335475	14.422955977841744	3.3519129712322484	4.59319616547113	4.221621164425433	4.964771166516827	80.94316323038652	0.8430205834400938	689.4667640832297	880.7110125040891	689.9667640832297	387.7889874959109	45562.50963116506	220.85286491556056	206.30255192109522	5207.60009765625	226.60933210850024	14.414765787950115	3.08625392531905	4.856543332848689	4.617502176406026	5.095584489291352	301.54949727540196	0.80207358503669	475.1556793123547	887.2796238467123	475.6556793123547	381.2203761532877	1301.393529661268	67.18436876499923	19.370480866067908	149.1999969482422	6.472600411043748	14.373863051464841	3.1295924377794595	2.8519763501029534	2.454107047919857	3.2498456522860493	60.070252885974995	0.5426310543861407	1349.135960304954	464.9061943178261	1349.635960304954	803.593805682174	745.4339409202234	65.91509748966676	11.309001568829995	94.5999984741211	3.7074842639351697	16.179248122165077	2.864972119581913	4.473716049615742	5.382003867329967	3.5654282319015165	354.5317816106581	0.6568413687578031	1297.5623800399424	888.2086400578534	1298.0623800399424	380.29135994214664	653.3998222254631	63.5329183411923	10.284429541178874	116	3.2497441100796287	15.184060933021119	2.671340293173183	4.138869592411915	4.060129885947303	4.2176092988765275	16.54244844762627	0.4584708379187964	1382.037379061408	775.5073614224517	1382.537379061408	492.9926385775483	1187.6991238604169	67.79753649504451	17.518322718808946	126.5999984741211	5.907130827134331	15.260334045752604	2.535623710618116	7.331435484628308	7.342227592687335	7.320643376569282	43.72370724623164	0.935942495666547	0	0	0	0	0	0	0	0	0	0	0	0	0	0	0	0	0	0	0	0	0	0	0	0	0	0	0	0	0	0	0	0	0	0	0	0	0	0	0	0	0	0	0	0	0	0	0	0	0	0	0	0	0	0	0	0	0	0	0	0	0	0	0	0	0	0	0	0	0	0	0	0	0	0	0	0	0	0	0	0	0	0	0	0	0	0	0	0	0	0	0	0	0	0	0	0	0	0	0	0	0	0	0	0	0	0	0	0	0	0	0	0	0	0	0	0	0	0	0	0	0	0	0	0	0	0	0	0	0	0	0	0	0	0	0	0	0	0	0	0	0	0	0	0	201.06192982974676	1941	201.0619298297468	1908	201.0619298297468	1964	201.06192982974676	1913	201.06192982974676	1995	201.06192982974676	1970	201.06192982974676	1916	0	0	0	0	0	0	0	0	0	0	0	0	0	0	0	0	0	0	0	0	0	0	0	0	0	0	0	0	0	0	0	0	0	0	0	0
